1861   10.094   9.998   -999.99
1862   10.128   9.994   0.037
1863   10.156  10.044   0.092
1864   10.176  10.061   0.098
1865   10.197  10.076   0.078
1866   10.234  10.064   0.061
1867   10.242  10.060   0.025
1868   10.186  10.057  -0.002
1869   10.235  10.068   0.107
1870   10.343  10.160   0.071
1871   10.379  10.188   0.022
1872   10.438  10.256  -0.022
1873   10.494  10.315  -0.060
1874   10.505  10.337   0.005
1875   10.485  10.305   0.074
1876   10.545  10.368   0.043
1877   10.544  10.378   0.074
1878   10.540  10.337   0.138
1879   10.602  10.375   0.142
1880   10.609  10.388   0.004
1881   10.622  10.419   0.006
1882   10.625  10.425   0.058
1883   10.678  10.486   0.064
1884   10.678  10.502   0.065
1885   10.691  10.553   0.069
1886   10.704  10.522   0.097
1887   10.690  10.524   0.069
1888   10.729  10.532   0.019
1889   10.741  10.569  -0.014
1890   10.770  10.594   0.034
1891   10.811  10.621   0.039
1892   10.824  10.639   0.053
1893   10.852  10.645   0.071
1894   10.878  10.698   0.062
1895   10.935  10.716   0.034
1896   10.969  10.757   0.028
1897   11.009  10.798   0.011
1898   11.035  10.862   0.004
1899   11.055  10.904   0.001
1900   11.080  10.932   0.030
1901   11.069  10.928   0.071
1902   11.106  10.943   0.080
1903   11.156  10.972   0.016
1904   11.187  11.016   0.068
1905   11.207  11.018   0.030
1906   11.292  11.107   0.021
1907   11.332  11.128   0.035
1908   11.336  11.135   0.043
1909   11.339  11.137   0.042
1910   11.398  11.193   0.032
1911   11.440  11.192   0.064
1912   11.478  11.222   0.016
1913   11.517  11.293   0.012
1914   11.520  11.235   0.041
1915   11.502  11.267  -0.135
1916   11.556  11.333  -0.124
1917   11.439  11.234  -0.225
1918   11.434  11.183  -0.194
1919   11.481  11.288  -0.051
1920   11.545  11.411  -0.008
1921   11.575  11.284   0.364
1922   11.629  11.273   0.313
1923   11.673  11.380   0.089
1924   11.693  11.418   0.043
1925   11.782  11.467   0.064
1926   11.844  11.533   0.087
1927   11.888  11.571   0.059
1928   11.891  11.590   0.027
1929   11.965  11.645   0.060
1930   12.021  11.690   0.079
1931   11.948  11.617   0.103
1932   11.924  11.556   0.084
1933   11.947  11.556   0.060
1934   12.007  11.626  -0.005
1935   12.063  11.680   0.009
1936   12.125  11.747   0.004
1937   12.141  11.800  -0.049
1938   12.173  11.822   0.002
1939   12.207  11.879  -0.024
1940   12.163  11.841  -0.105
1941   12.162  11.776  -0.074
1942   12.193  11.735  -0.014
1943   12.210  11.786  -0.030
1944   12.246  11.858   0.018
1945   12.308  11.899   0.007
1946   12.359  12.035  -0.019
1947   12.399  12.144  -0.032
1948   12.440  12.143  -0.033
1949   12.491  12.144   0.017
1950   12.544  12.221  -0.008
1951   12.574  12.210  -0.151
1952   12.590  12.246  -0.038
1953   12.621  12.272   0.030
1954   12.671  12.312   0.025
1955   12.694  12.343  -0.008
1956   12.725  12.371  -0.013
1957   12.749  12.386   0.002
1958   12.774  12.410   0.016
1959   12.822  12.446   0.034
1960   12.843  12.461   0.002
1961   12.898  12.513   0.021
1962   12.928  12.545   0.004
1963   12.979  12.589   0.011
1964   13.046  12.628   0.002
1965   13.078  12.670  -0.005
1966   13.094  12.689  -0.006
1967   13.127  12.711   0.003
1968   13.156  12.752   0.031
1969   13.206  12.795   0.030
1970   13.271  12.829   0.020
1971   13.258  12.830  -0.008
1972   13.288  12.864  -0.017
1973   13.324  12.890  -0.018
1974   13.374  12.923  -0.029
1975   13.401  12.950  -0.069
1976   13.414  12.991  -0.050
1977   13.391  12.981  -0.020
1978   13.424  12.974  -0.021
1979   13.469  12.997  -0.005
1980   13.485  12.989  -0.017
1981   13.480  12.984   0.026
1982   13.496  12.991   0.023
1983   13.504  12.968  -0.009
1984   13.534  12.985   0.017
1985   13.550  13.012   0.039
1986   13.567  13.063   0.016
1987   13.588  13.107   0.028
1988   13.619  13.132   0.018
